19386	(1,15.0), (2,19.0), (3,17.0), (4,14.0), (5,12.0), (6,20.0), (7,12.0), (8,9.0), (9,7.0), (10,6.0)
19393	(1,13.0), (2,16.0), (3,13.0), (4,9.0), (5,10.0), (6,14.0), (7,11.0), (8,9.0), (9,5.0), (10,5.0)
19678	(1,4.0), (2,3.0)
19690	(1,4.0), (2,4.0), (3,4.0), (4,6.0), (5,8.0), (6,5.0), (7,9.0), (8,5.0), (9,4.0), (10,6.0)
19704	(1,15.0), (2,18.0), (3,22.0), (4,14.0), (5,16.0), (6,23.0), (7,16.0), (8,19.0), (9,9.0), (10,11.0)
19790	(1,11.0), (2,13.0), (3,16.0), (4,14.0), (5,9.0), (6,15.0), (7,22.0), (8,14.0), (9,8.0), (10,10.0)
19805	(1,20.0), (2,23.0), (3,23.0), (4,18.0), (5,19.0), (6,28.0), (7,20.0), (8,18.0), (9,11.0), (10,9.0)
19930	(1,15.0), (2,13.0), (3,12.0), (4,10.0), (5,10.0), (6,12.0), (7,11.0), (8,12.0), (9,7.0), (10,8.0)
19977	(1,25.0), (2,22.0), (3,18.0), (4,17.0), (5,17.0), (6,28.0), (7,21.0), (8,18.0), (9,12.0), (10,8.0)
20304	(1,23.0), (2,18.0), (3,13.0), (4,9.0), (5,9.0), (6,14.0), (7,12.0), (8,9.0), (9,8.0), (10,7.0)
20355	(1,11.0), (2,13.0), (3,11.0), (4,10.0), (5,9.0), (6,14.0), (7,13.0), (8,11.0), (9,8.0), (10,6.0)
20363	(1,18.0), (2,21.0), (3,17.0), (4,11.0), (5,8.0), (6,12.0), (7,9.0), (8,6.0), (9,5.0), (10,6.0)
20366	(1,15.0), (2,20.0), (3,21.0), (4,16.0), (5,9.0), (6,14.0), (7,24.0), (8,17.0), (9,10.0), (10,12.0)
20374	(1,16.0), (2,19.0), (3,21.0), (4,14.0), (5,15.0), (6,22.0), (7,16.0), (8,19.0), (9,10.0), (10,12.0)
20378	(1,20.0), (2,24.0), (3,15.0), (4,17.0), (5,14.0), (6,23.0), (7,19.0), (8,15.0), (9,14.0), (10,12.0)
20398	(1,21.0), (2,23.0), (3,19.0), (4,15.0), (5,14.0), (6,21.0), (7,15.0), (8,12.0), (9,9.0), (10,8.0)
20409	(1,14.0), (2,22.0), (3,20.0), (4,16.0), (5,13.0), (6,25.0), (7,27.0), (8,28.0), (9,13.0), (10,8.0)
20417	(1,14.0), (2,20.0), (3,20.0), (4,14.0), (5,13.0), (6,23.0), (7,24.0), (8,21.0), (9,13.0), (10,8.0)
20436	(1,11.0), (2,12.0), (3,13.0), (4,9.0), (5,12.0), (6,12.0), (7,10.0), (8,9.0), (9,5.0), (10,6.0)
20437	(1,12.0), (2,21.0), (3,19.0), (4,11.0), (5,9.0), (6,17.0), (7,25.0), (8,15.0), (9,6.0), (10,9.0)
